block 0 0 0 255 0 575 25 25 0
block 0 0 0 255 25 575 25 25 0
block 0 0 0 255 50 575 25 25 0
block 0 0 0 255 75 575 25 25 0
block 0 0 0 255 100 575 25 25 0
block 0 0 0 255 125 575 25 25 0
block 0 0 0 255 150 575 25 25 0
block 0 0 0 255 175 575 25 25 0
block 0 0 0 255 200 575 25 25 0
block 0 0 0 255 250 575 25 25 0
block 0 0 0 255 225 575 25 25 0
block 0 0 0 255 275 575 25 25 0
block 0 0 0 255 300 575 25 25 0
block 0 0 0 255 325 575 25 25 0
block 0 0 0 255 350 575 25 25 0
block 0 0 0 255 375 575 25 25 0
block 0 0 0 255 400 575 25 25 0
block 0 0 0 255 425 575 25 25 0
block 0 0 0 255 450 575 25 25 0
block 0 0 0 255 475 575 25 25 0
block 0 0 0 255 500 575 25 25 0
block 0 0 0 255 525 575 25 25 0
block 0 0 0 255 550 575 25 25 0
block 0 0 0 255 575 575 25 25 0
block 0 0 0 255 600 575 25 25 0
block 0 0 0 255 625 575 25 25 0
block 0 0 0 255 650 575 25 25 0
block 0 0 0 255 675 575 25 25 0
block 0 0 0 255 700 575 25 25 0
block 0 0 0 255 750 575 25 25 0
block 0 0 0 255 775 575 25 25 0
block 0 0 0 255 800 575 25 25 0
block 0 0 0 255 825 575 25 25 0
block 0 0 0 255 850 575 25 25 0
block 0 0 0 255 875 575 25 25 0
block 0 0 0 255 725 575 25 25 0
block 0 0 0 255 125 550 25 25 0
block 0 0 0 255 150 525 25 25 0
block 0 0 0 255 175 500 25 25 0
block 0 0 0 255 200 500 25 25 0
block 0 0 0 255 225 475 25 25 0
block 0 0 0 255 250 475 25 25 0
block 0 0 0 255 275 475 25 25 0
block 0 0 0 255 300 475 25 25 0
block 0 0 0 255 325 450 25 25 0
block 0 0 0 255 350 425 25 25 0
block 0 0 0 255 375 425 25 25 0
block 0 0 0 255 400 425 25 25 0
block 0 0 0 255 425 425 25 25 0
block 0 0 0 255 450 400 25 25 0
block 0 0 0 255 550 400 25 25 0
block 0 0 0 255 500 400 25 25 0
block 0 0 0 255 625 400 25 25 0
block 0 0 0 255 725 400 25 25 0
block 0 0 0 255 775 350 25 25 0
block 0 0 0 255 825 300 25 25 0
block 0 0 0 255 725 225 25 25 0
block 0 0 0 255 750 225 25 25 0
block 0 0 0 255 775 250 25 25 0
coin 0 0 255 255 675 225 25 25 0
coin 0 0 255 255 700 225 25 25 0
coin 0 0 255 255 650 225 25 25 0
coin 0 0 255 255 625 225 25 25 0
coin 0 0 255 255 600 225 25 25 0
coin 0 0 255 255 575 225 25 25 0
coin 0 0 255 255 550 225 25 25 0
coin 0 0 255 255 500 225 25 25 0
coin 0 0 255 255 525 225 25 25 0
fire 255 0 0 255 475 225 25 25 0
fire 255 0 0 255 450 225 25 25 0
fire 255 0 0 255 525 250 25 25 0
fire 255 0 0 255 500 250 25 25 0
fire 255 0 0 255 475 250 25 25 0
fire 255 0 0 255 450 250 25 25 0
fire 255 0 0 255 425 250 25 25 0
fire 255 0 0 255 400 250 25 25 0
block 0 0 0 255 425 225 25 25 0
block 0 0 0 255 400 225 25 25 0
block 0 0 0 255 375 225 25 25 0
block 0 0 0 255 350 225 25 25 0
block 0 0 0 255 325 200 25 25 0
block 0 0 0 255 300 175 25 25 0
block 0 0 0 255 275 150 25 25 0
block 0 0 0 255 350 150 25 25 0
block 0 0 0 255 375 150 25 25 0
block 0 0 0 255 400 150 25 25 0
block 0 0 0 255 425 150 25 25 0
block 0 0 0 255 475 150 25 25 0
block 0 0 0 255 450 150 25 25 0
block 0 0 0 255 500 125 25 25 0
block 0 0 0 255 525 100 25 25 0
block 0 0 0 255 550 75 25 25 0
block 0 0 0 255 575 50 25 25 0
block 0 0 0 255 575 25 25 25 0
block 0 0 0 255 575 0 25 25 0
block 0 0 0 255 525 0 25 25 0
block 0 0 0 255 550 0 25 25 0
block 0 0 0 255 500 0 25 25 0
block 0 0 0 255 475 0 25 25 0
block 0 0 0 255 375 125 25 25 0
block 0 0 0 255 400 100 25 25 0
block 0 0 0 255 425 75 25 25 0
block 0 0 0 255 450 50 25 25 0
block 0 0 0 255 450 0 25 25 0
block 0 0 0 255 425 0 25 25 0
block 0 0 0 255 400 25 25 25 0
block 0 0 0 255 375 50 25 25 0
block 0 0 0 255 350 75 25 25 0
block 0 0 0 255 325 100 25 25 0