block 0 0 0 255 300 275 25 25 0
block 0 0 0 255 300 300 25 25 0
block 0 0 0 255 300 325 25 25 0
block 0 0 0 255 300 350 25 25 0
block 0 0 0 255 300 400 25 25 0
block 0 0 0 255 300 375 25 25 0
block 0 0 0 255 300 425 25 25 0
block 0 0 0 255 300 450 25 25 0
block 0 0 0 255 300 475 25 25 0
block 0 0 0 255 300 500 25 25 0
block 0 0 0 255 325 500 25 25 0
block 0 0 0 255 350 500 25 25 0
block 0 0 0 255 375 500 25 25 0
block 0 0 0 255 400 500 25 25 0
block 0 0 0 255 425 500 25 25 0
block 0 0 0 255 450 500 25 25 0
block 0 0 0 255 450 450 25 25 0
block 0 0 0 255 450 475 25 25 0
block 0 0 0 255 475 450 25 25 0
block 0 0 0 255 500 450 25 25 0
block 0 0 0 255 525 450 25 25 0
block 0 0 0 255 550 450 25 25 0
coin 0 0 255 255 475 200 25 25 0
coin 0 0 255 255 525 225 25 25 0
coin 0 0 255 255 525 200 25 25 0
coin 0 0 255 255 575 200 25 25 0
fire 255 0 0 255 550 250 25 25 0
fire 255 0 0 255 600 250 25 25 0
fire 255 0 0 255 650 250 25 25 0
fire 255 0 0 255 700 250 25 25 0